-29 -368
-29 406
-29 -500
-29 708
-29 -451
-29 684
-29 633
-29 -837
-29 492
-29 529
-29 -130
-29 764
-29 294
-29 -291
-29 -519
-29 -580
-29 816
-29 506
-29 542
-29 -757
-29 -259
-29 463
-29 -50
-29 245
-29 704
-29 806
-29 185
-29 -768
-29 386
-29 -120
-29 -533
-29 945
-29 -261
-29 -623
-29 -193
-29 240
-29 -572
-29 661
-29 858
-29 -822
-29 726
-29 603
-29 -246
-29 -216
-29 -150
-29 85
-29 -267
-29 -853
-29 -431
-29 278
-29 604
-29 429
-29 756
-29 634
-29 781
-29 -164
-29 184
-29 -578
-29 -244
-29 -870
-29 -418
-29 -965
-29 725
-29 866
-29 -471
-29 236
-29 -162
-29 832
-29 -314
-29 -677
-29 566
-29 820
-29 -374
-29 808
-29 -541
-29 946
-29 -346
-29 -469
-29 -387
-29 -559
-29 -911
-29 552
-29 412
-29 -366
-29 520
-29 -334
-29 535
-29 -773
-29 204
-29 -560
-29 -955
-29 -935
-29 376
-29 -129
-29 918
-29 622
-29 -155
-29 890
-29 -411
-29 563
-29 891
-29 192
-29 -489
-29 -670
-29 48
-29 657
-29 -152
-29 -782
-29 -556
-29 -923
-29 -224
-29 -356
-29 -443
-29 96
-29 302
-29 -254
-29 659
-29 -733
-29 -317
-29 -424
-29 784
-29 532
-29 -91
-29 281
-29 -946
-29 410
-29 -879
-29 -840
-29 56
-29 247
-29 78
-29 -788
-29 -369
-29 928
-29 -985
-29 121
-29 528
-29 346
-29 -674
-29 608
-29 477
-29 -153
-29 91
-29 795
-29 635
-29 -771
-29 -974
-29 -715
-29 296
-29 852
-29 -337
-29 -5
-29 -118
-29 -201
-29 -141
-29 -302
-29 -502
-29 -894
-29 -11
-29 32
-29 187
-29 465
-29 -883
-29 10
-29 -813
-29 377
-29 968
-29 -691
-29 846
-29 555
-29 -808
-29 -893
-29 408
-29 -652
-29 724
-29 754
-29 241
-29 751
-29 -908
-29 382
-29 -585
-29 355
-29 447
-29 562
-29 -472
-29 -52
-29 55
-29 69
-29 997
-29 885
-29 970
-29 -542
-29 -896
-29 445
-29 239
-29 -243
-29 229
-29 559
-29 -242
-29 -799
-29 -36
-29 -982
-29 -959
-29 -852
-29 -554
-29 -357
-29 314
-29 -618
-29 -496
-29 648
-29 -999
-29 560
-29 328
-29 -664
-29 947
-29 587
-29 -99
-29 865
-29 912
-29 359
-29 -698
-29 956
-29 41
-29 291
-29 -758
-29 207
-29 -143
-29 -704
-29 -100
-29 -948
-29 348
-29 276
-29 617
-29 176
-29 -119
-29 -479
-29 -510
-29 385
-29 -35
-29 898
-29 -18
-29 -636
-29 513
-29 -750
-29 211
-29 660
-29 -579
-29 -990
-29 668
-29 350
-29 580
-29 150
-29 642
-29 123
-29 -716
-29 -429
-29 934
-29 -475
-29 595
-29 948
-29 -347
-29 -568
-29 75
-29 911
-29 -433
-29 647
-29 716
-29 765
-29 -102
-29 626
-29 -446
-29 -512
-29 -549
-29 -796
-29 -138
-29 -375
-29 -795
-29 250
-29 -423
-29 131
-29 -43
-29 655
-29 -628
-29 -315
-29 -106
-29 785
-29 -932
-29 -333
-29 52
-29 171
-29 374
-29 305
-29 572
-29 9
-29 -12
-29 61
-29 -561
-29 371
-29 -558
-29 246
-29 -74
-29 -474
-29 -919
-29 161
-29 -464
-29 909
-29 -978
-29 -864
-29 -127
-29 205
-29 289
-29 -198
-29 594
-29 -635
-29 418
-29 -521
-29 933
-29 90
-29 -776
-29 720
-29 54
-29 175
-29 -953
-29 -830
-29 177
-29 -319
-29 -885
-29 -619
-29 914
-29 351
-29 632
-29 167
-29 -9
-29 -371
-29 -798
-29 -646
-29 253
-29 913
-29 98
-29 16
-29 489
-29 721
-29 399
-29 703
-29 -754
-29 531
-29 343
-29 -161
-29 424
-29 -699
-29 464
-29 598
-29 65
-29 441
-29 762
-29 329
-29 26
-29 -603
-29 -287
-29 166
-29 -457
-29 -388
-29 -389
-29 -228
-29 -274
-29 743
-29 -973
-29 -686
-29 814
-29 -326
-29 -415
-29 -208
-29 -858
-29 -640
-29 783
-29 304
-29 835
-29 -994
-29 191
-29 -753
-29 842
-29 553
-29 -187
-29 363
-29 611
-29 400
-29 723
-29 487
-29 311
-29 755
-29 38
-29 -77
-29 818
-29 -47
-29 -914
-29 -751
-29 624
-29 -456
-29 24
-29 438
-29 -961
-29 -249
-29 -655
-29 -37
-29 -233
-29 -675
-29 969
-29 -465
-29 -202
-29 28
-29 435
-29 397
-29 109
-29 -971
-29 -938
-29 -396
-29 -881
-29 -331
-29 -478
-29 -139
-29 -410
-29 44
-29 -742
-29 953
-29 -111
-29 899
-29 -513
-29 -899
-29 685
-29 485
-29 -685
-29 103
-29 -849
-29 -226
-29 568
-29 -487
-29 -373
-29 -557
-29 -62
-29 235
-29 -217
-29 -591
-29 961
-29 494
-29 -360
-29 -32
-29 609
-29 -727
-29 -483
-29 -413
-29 586
-29 -172
-29 -426
-29 -92
-29 -529
-29 862
-29 916
-29 330
-29 325
-29 902
-29 -859
-29 163
-29 -547
-29 -420
-29 60
-29 -169
-29 534
-29 -724
-29 537
-29 691
-29 791
-29 -467
-29 979
-29 -934
-29 821
-29 607
-29 -931
-29 -555
-29 872
-29 46
-29 -793
-29 57
-29 -245
-29 -454
-29 -339
-29 541
-29 7
-29 -654
-29 585
-29 825
-29 309
-29 590
-29 859
-29 36
-29 5
-29 -986
-29 409
-29 -175
-29 395
-29 -336
-29 -434
-29 -318
-29 -225
-29 -877
-29 593
-29 -24
-29 198
-29 -627
-29 892
-29 143
-29 -53
-29 182
-29 -3
-29 420
-29 -848
-29 -992
-29 13
-29 315
-29 179
-29 966
-29 729
-29 -676
-29 456
-29 107
-29 -625
-29 216
-29 605
-29 180
-29 72
-29 306
-29 -171
-29 -327
-29 -535
-29 630
-29 -309
-29 597
-29 -256
-29 81
-29 848
-29 -927
-29 575
-29 -735
-29 -154
-29 31
-29 929
-29 -145
-29 -924
-29 805
-29 -376
-29 -6
-29 -48
-29 -839
-29 -325
-29 -589
-29 524
-29 -455
-29 83
-29 -523
-29 -544
-29 -275
-29 -950
-29 -200
-29 334
-29 591
-29 -381
-29 -928
-29 517
-29 -2
-29 536
-29 221
-29 -419
-29 577
-29 -379
-29 -115
-29 -613
-29 -744
-29 8
-29 -358
-29 43
-29 686
-29 521
-29 223
-29 875
-29 442
-29 -740
-29 -31
-29 -459
-29 -887
-29 -307
-29 446
-29 -51
-29 473
-29 -409
-29 454
-29 110
-29 497
-29 372
-29 847
-29 1
-29 -272
-29 540
-29 733
-29 2
-29 -865
-29 -237
-29 106
-29 -17
-29 -473
-29 -313
-29 -8
-29 675
-29 282
-29 697
-29 802
-29 700
-29 -66
-29 66
-29 39
-29 -936
-29 689
-29 336
-29 -534
-29 592
-29 -107
-29 -511
-29 -303
-29 301
-29 840
-29 -436
-29 -666
-29 613
-29 530
-29 564
-29 -915
-29 -564
-29 -268
-29 935
-29 817
-29 -41
-29 317
-29 786
-29 662
-29 -206
-29 295
-29 -684
-29 -403
-29 546
-29 941
-29 735
-29 -551
-29 873
-29 148
-29 362
-29 746
-29 482
-29 -417
-29 986
-29 119
-29 717
-29 387
-29 -592
-29 -238
-29 714
-29 959
-29 582
-29 -689
-29 -114
-29 172
-29 -747
-29 -262
-29 -821
-29 699
-29 742
-29 983
-29 910
-29 670
-29 -943
-29 727
-29 -407
-29 696
-29 937
-29 243
-29 -851
-29 313
-29 -658
-29 737
-29 -905
-29 581
-29 -918
-29 199
-29 -16
-29 364
-29 588
-29 145
-29 -113
-29 767
-29 653
-29 -678
-29 871
-29 427
-29 -863
-29 -632
-29 938
-29 -399
-29 -606
-29 323
-29 -328
-29 -362
-29 379
-29 -647
-29 799
-29 -988
-29 -146
-29 -240
-29 -466
-29 -843
-29 227
-29 -69
-29 -183
-29 -545
-29 -857
-29 813
-29 863
-29 -494
-29 279
-29 37
-29 407
-29 27
-29 414
-29 174
-29 -26
-29 -441
-29 -370
-29 196
-29 417
-29 76
-29 -860
-29 965
-29 -125
-29 368
-29 -167
-29 664
-29 -86
-29 -144
-29 -671
-29 -289
-29 -60
-29 -209
-29 -761
-29 -874
-29 904
-29 277
-29 157
-29 -781
-29 183
-29 -121
-29 -682
-29 218
-29 -67
-29 -14
-29 -960
-29 -802
-29 118
-29 299
-29 -889
-29 -439
-29 327
-29 210
-29 297
-29 -340
-29 -253
-29 -856
-29 -880
-29 136
-29 234
-29 -622
-29 -841
-29 -194
-29 146
-29 -58
-29 -854
-29 -38
-29 -499
-29 880
-29 -576
-29 260
-29 440
-29 -90
-29 -23
-29 249
-29 -725
-29 -491
-29 -292
-29 303
-29 -98
-29 519
-29 448
-29 104
-29 -221
-29 298
-29 773
-29 129
-29 -197
-29 140
-29 68
-29 415
-29 681
-29 391
-29 -405
-29 -846
-29 -351
-29 822
-29 838
-29 -211
-29 257
-29 320
-29 -42
-29 -825
-29 -774
-29 -842
-29 -437
-29 989
-29 -444
-29 -210
-29 -981
-29 -728
-29 565
-29 512
-29 -718
-29 -826
-29 248
-29 -975
-29 -397
-29 -766
-29 638
-29 -350
-29 -609
-29 -476
-29 972
-29 -726
-29 -286
-29 985
-29 -294
-29 -963
-29 -800
-29 788
-29 644
-29 -123
-29 -363
-29 -174
-29 -966
-29 -763
-29 993
-29 718
-29 444
-29 433
-29 569
-29 -723
-29 401
-29 495
-29 135
-29 -570
-29 112
-29 -907
-29 405
-29 -128
-29 -601
-29 881
-29 168
-29 -252
-29 936
-29 -602
-29 215
-29 -916
-29 960
-29 -823
-29 745
-29 579
-29 710
-29 -820
-29 -232
-29 578
-29 431
-29 -296
-29 310
-29 -804
-29 344
-29 -7
-29 556
-29 -789
-29 763
-29 -192
-29 -29
-29 -957
-29 -168
-29 -667
-29 -818
-29 -438
-29 -595
-29 -470
-29 561
-29 53
-29 443
-29 682
-29 803
-29 393
-29 -117
-29 -694
-29 601
-29 341
-29 490
-29 939
-29 722
-29 811
-29 -764
-29 775
-29 -847
-29 -520
-29 -260
-29 715
-29 792
-29 -59
-29 -590
-29 -488
-29 -527
-29 -80
-29 188
-29 332
-29 927
-29 422
-29 74
-29 -620
-29 394
-29 -4
-29 861
-29 -76
-29 618
-29 467
-29 995
-29 790
-29 209
-29 100
-29 -85
-29 713
-29 -850
-29 707
-29 402
-29 419
-29 931
-29 453
-29 -1
-29 894
-29 987
-29 474
-29 706
-29 -900
-29 -729
-29 425
-29 -344
-29 -312
-29 -607
-29 -45
-29 -440
-29 -93
-29 -785
-29 631
-29 621
-29 461
-29 493
-29 637
-29 878
-29 925
-29 491
-29 432
-29 270
-29 -882
-29 -122
-29 615
-29 -790
-29 -281
-29 958
-29 -406
-29 -132
-29 -214
-29 -522
-29 780
-29 -779
-29 -581
-29 558
-29 483
-29 -583
-29 259
-29 769
-29 -70
-29 141
-29 600
-29 -284
-29 -749
-29 -743
-29 815
-29 160
-29 33
-29 711
-29 -518
-29 -637
-29 -588
-29 510
-29 -393
-29 -398
-29 -517
-29 3
-29 -649
-29 -505
-29 -867
-29 994
-29 -713
-29 -422
-29 21
-29 195
-29 226
-29 896
-29 25
-29 428
-29 -110
-29 261
-29 481
-29 -316
-29 943
-29 307
-29 488
-29 -989
-29 -605
-29 -593
-29 67
-29 646
-29 -991
-29 -639
-29 -285
-29 271
-29 -656
-29 845
-29 -188
-29 570
-29 266
-29 -330
-29 854
-29 15
-29 -329
-29 470
-29 602
-29 709
-29 88
-29 -844
-29 357
-29 -97
-29 -230
-29 413
-29 -662
-29 919
-29 -341
-29 -805
-29 794
-29 -862
-29 526
-29 189
-29 -565
-29 -958
-29 42
-29 -367
-29 -741
-29 430
-29 901
-29 -528
-29 915
-29 -353
-29 451
-29 460
-29 753
-29 -816
-29 -834
-29 -394
-29 -888
-29 853
-29 669
-29 -912
-29 -482
-29 -408
-29 95
-29 -236
-29 -178
-29 331
-29 -386
-29 220
-29 127
-29 -760
-29 971
-29 616
-29 -311
-29 -878
-29 -567
-29 614
-29 782
-29 -696
-29 -28
-29 -833
-29 -349
-29 900
-29 584
-29 -746
-29 486
-29 -55
-29 837
-29 652
-29 173
-29 233
-29 133
-29 693
-29 731
-29 -495
-29 864
-29 826
-29 -180
-29 47
-29 690
-29 -995
-29 287
-29 -638
-29 457
-29 -876
-29 352
-29 -71
-29 -929
-29 -21
-29 676
-29 496
-29 -95
-29 957
-29 -229
-29 -626
-29 -759
-29 484
-29 132
-29 29
-29 217
-29 658
-29 -484
-29 381
-29 874
-29 -108
-29 796
-29 384
-29 -803
-29 268
-29 759
-29 -812
-29 -661
-29 231
-29 -873
-29 736
-29 -875
-29 -794
-29 906
-29 870
-29 63
-29 -342
-29 612
-29 -956
-29 -940
-29 -241
-29 101
-29 87
-29 -170
-29 -19
-29 844
-29 99
-29 930
-29 383
-29 -574
-29 -941
-29 -526
-29 -892
-29 158
-29 80
-29 -784
-29 -976
-29 122
-29 760
-29 -191
-29 -166
-29 -75
-29 -660
-29 353
-29 -657
-29 654
-29 -299
-29 -468
-29 -621
-29 -599
-29 -136
-29 -810
-29 -904
-29 -147
-29 228
-29 -293
-29 -925
-29 -944
-29 810
-29 954
-29 629
-29 -705
-29 272
-29 -972
-29 -400
-29 917
-29 162
-29 -612
-29 219
-29 -497
-29 -382
-29 -266
-29 768
-29 850
-29 439
-29 869
-29 789
-29 583
-29 824
-29 -997
-29 -219
-29 -64
-29 -814
-29 809
-29 -672
-29 169
-29 434
-29 452
-29 392
-29 548
-29 -792
-29 -996
-29 741
-29 -831
-29 -739
-29 30
-29 692
-29 -719
-29 -594
-29 -359
-29 -653
-29 973
-29 -218
-29 -717
-29 -306
-29 -301
-29 -737
-29 533
-29 280
-29 949
-29 345
-29 -807
-29 -836
-29 924
-29 242
-29 -631
-29 388
-29 -133
-29 -361
-29 -539
-29 550
-29 -722
-29 -610
-29 450
-29 -531
-29 964
-29 -575
-29 996
-29 -96
-29 -273
-29 212
-29 -909
-29 238
-29 503
-29 942
-29 719
-29 -937
-29 -270
-29 367
-29 738
-29 -63
-29 -949
-29 905
-29 -738
-29 -926
-29 -869
-29 -506
-29 -584
-29 319
-29 147
-29 514
-29 -22
-29 -679
-29 771
-29 -215
-29 4
-29 976
-29 778
-29 951
-29 349
-29 895
-29 114
-29 373
-29 318
-29 -598
-29 -917
-29 338
-29 -712
-29 -688
-29 476
-29 149
-29 62
-29 672
-29 137
-29 -265
-29 324
-29 284
-29 -501
-29 -56
-29 -683
-29 728
-29 -922
-29 523
-29 -185
-29 -778
-29 -692
-29 0
-29 -44
-29 867
-29 671
-29 849
-29 -332
-29 411
-29 -354
-29 70
-29 -765
-29 128
-29 -586
-29 356
-29 -980
-29 475
-29 73
-29 -445
-29 -600
-29 468
-29 -416
-29 -54
-29 988
-29 335
-29 120
-29 977
-29 511
-29 678
-29 515
-29 -213
-29 342
-29 -732
-29 51
-29 823
-29 -901
-29 -921
-29 -158
-29 -157
-29 274
-29 -189
-29 -967
-29 -195
-29 -681
-29 889
-29 79
-29 527
-29 -184
-29 -962
-29 -540
-29 71
-29 222
-29 516
-29 190
-29 -159
-29 -755
-29 518
-29 -94
-29 232
-29 504
-29 -104
-29 576
-29 -425
-29 732
-29 -731
-29 -797
-29 877
-29 998
-29 -65
-29 -148
-29 829
-29 922
-29 466
-29 -690
-29 -509
-29 -81
-29 375
-29 -702
-29 -15
-29 -156
-29 358
-29 -514
-29 365
-29 458
-29 -322
-29 -248
-29 -767
-29 202
-29 -736
-29 -920
-29 181
-29 -324
-29 138
-29 -817
-29 -890
-29 300
-29 680
-29 77
-29 -714
-29 -707
-29 -305
-29 508
-29 -290
-29 -68
-29 -345
-29 -566
-29 -134
-29 -1000
-29 -372
-29 -61
-29 625
-29 855
-29 992
-29 -969
-29 -126
-29 843
-29 -234
-29 774
-29 -323
-29 208
-29 97
-29 -530
-29 -142
-29 962
-29 369
-29 -160
-29 -930
-29 739
-29 -493
-29 984
-29 -827
-29 269
-29 -673
-29 -79
-29 258
-29 623
-29 -801
-29 322
-29 801
-29 695
-29 543
-29 -395
-29 292
-29 -250
-29 -89
-29 154
-29 807
-29 -952
-29 -131
-29 923
-29 -964
-29 -34
-29 734
-29 -573
-29 -824
-29 -811
-29 139
-29 747
-29 -970
-29 164
-29 990
-29 347
-29 -321
-29 -659
-29 -88
-29 312
-29 -616
-29 940
-29 -295
-29 366
-29 -380
-29 -563
-29 94
-29 308
-29 606
-29 921
-29 -448
-29 -452
-29 650
-29 -630
-29 224
-29 116
-29 82
-29 -177
-29 -204
-29 897
-29 273
-29 -384
-29 841
-29 963
-29 326
-29 -515
-29 111
-29 -516
-29 124
-29 -207
-29 -855
-29 834
-29 -693
-29 469
-29 49
-29 -173
-29 -477
-29 340
-29 538
-29 264
-29 -182
-29 285
-29 819
-29 18
-29 884
-29 -633
-29 -391
-29 -983
-29 -39
-29 -895
-29 200
-29 830
-29 416
-29 656
-29 134
-29 -838
-29 887
-29 777
-29 -280
-29 17
-29 -939
-29 -629
-29 -648
-29 -109
-29 -762
-29 -300
-29 -643
-29 153
-29 -903
-29 -257
-29 772
-29 283
-29 -642
-29 -680
-29 -537
-29 779
-29 -650
-29 -710
-29 554
-29 -276
-29 744
-29 -223
-29 -277
-29 -365
-29 -651
-29 -432
-29 -288
-29 -186
-29 -124
-29 -786
-29 105
-29 -449
-29 893
-29 -951
-29 -264
-29 -861
-29 836
-29 225
-29 -251
-29 -364
-29 -663
-29 955
-29 -25
-29 926
-29 908
-29 244
-29 206
-29 -304
-29 -463
-29 12
-29 86
-29 -279
-29 -46
-29 -954
-29 159
-29 -151
-29 -777
-29 380
-29 144
-29 831
-29 -103
-29 978
-29 117
-29 478
-29 -297
-29 -435
-29 -669
-29 -176
-29 84
-29 547
-29 -947
-29 125
-29 -968
-29 639
-29 851
-29 883
-29 -10
-29 436
-29 -611
-29 636
-29 -913
-29 -538
-29 544
-29 -196
-29 108
-29 952
-29 462
-29 390
-29 -255
-29 333
-29 975
-29 -706
-29 -665
-29 888
-29 522
-29 -721
-29 -898
-29 19
-29 -524
-29 361
-29 619
-29 -987
-29 151
-29 -348
-29 -897
-29 92
-29 -543
-29 -461
-29 868
-29 -577
-29 288
-29 499
-29 421
-29 549
-29 45
-29 950
-29 776
-29 275
-29 -231
-29 89
-29 -756
-29 -720
-29 -105
-29 23
-29 40
-29 -730
-29 -614
-29 932
-29 -40
-29 860
-29 455
-29 256
-29 -866
-29 982
-29 -421
-29 286
-29 -352
-29 -697
-29 290
-29 827
-29 -615
-29 -553
-29 -945
-29 -871
-29 -498
-29 -401
-29 -604
-29 -492
-29 498
-29 -770
-29 770
-29 -775
-29 757
-29 214
-29 -442
-29 -508
-29 -203
-29 856
-29 999
-29 471
-29 610
-29 -745
-29 509
-29 -165
-29 761
-29 -83
-29 -116
-29 142
-29 -335
-29 793
-29 -993
-29 -283
-29 -383
-29 -13
-29 -485
-29 426
-29 -709
-29 -701
-29 186
-29 403
-29 -427
-29 -220
-29 -835
-29 683
-29 404
-29 -772
-29 -703
-29 254
-29 -748
-29 -597
-29 360
-29 -462
-29 750
-29 -377
-29 35
-29 -884
-29 93
-29 -308
-29 571
-29 920
-29 596
-29 -645
-29 -212
-29 -84
-29 705
-29 -137
-29 -571
-29 981
-29 -780
-29 -72
-29 -179
-29 -404
-29 337
-29 797
-29 -27
-29 50
-29 812
-29 34
-29 -977
-29 903
-29 14
-29 178
-29 545
-29 -829
-29 -258
-29 -552
-29 -711
-29 -791
-29 -33
-29 525
-29 -546
-29 752
-29 115
-29 237
-29 673
-29 480
-29 -20
-29 -82
-29 645
-29 798
-29 991
-29 -428
-29 -695
-29 102
-29 766
-29 980
-29 -412
-29 -569
-29 -263
-29 263
-29 882
-29 651
-29 -247
-29 -101
-29 -338
-29 804
-29 -532
-29 -282
-29 627
-29 649
-29 -783
-29 -507
-29 11
-29 -458
-29 -769
-29 -239
-29 -617
-29 688
-29 -641
-29 -815
-29 -343
-29 -481
-29 -49
-29 197
-29 665
-29 -582
-29 -787
-29 620
-29 -355
-29 740
-29 398
-29 -140
-29 -891
-29 628
-29 -979
-29 -752
-29 974
-29 -806
-29 944
-29 -845
-29 551
-29 230
-29 252
-29 505
-29 459
-29 589
-29 -390
-29 687
-29 -163
-29 749
-29 370
-29 -385
-29 641
-29 -562
-29 -634
-29 -271
-29 -460
-29 701
-29 -320
-29 -453
-29 679
-29 130
-29 213
-29 194
-29 -87
-29 -910
-29 557
-29 -644
-29 -596
-29 472
-29 879
-29 255
-29 -587
-29 -687
-29 833
-29 -222
-29 165
-29 251
-29 156
-29 640
-29 396
-29 -624
-29 479
-29 203
-29 -503
-29 -378
-29 -872
-29 293
-29 666
-29 -30
-29 828
-29 -504
-29 787
-29 -998
-29 -269
-29 -548
-29 193
-29 -78
-29 567
-29 -402
-29 -668
-29 674
-29 354
-29 667
-29 -135
-29 599
-29 20
-29 502
-29 694
-29 339
-29 -906
-29 730
-29 423
-29 573
-29 643
-29 -450
-29 -942
-29 59
-29 449
-29 113
-29 663
-29 -73
-29 -809
-29 -480
-29 -832
-29 -490
-29 -486
-29 64
-29 155
-29 -190
-29 -447
-29 126
-29 -278
-29 58
-29 -608
-29 -149
-29 267
-29 677
-29 507
-29 -310
-29 -902
-29 500
-29 -112
-29 -235
-29 -392
-29 -57
-29 378
-29 -298
-29 -700
-29 574
-29 -525
-29 967
-29 839
-29 -886
-29 -227
-29 321
-29 -550
-29 170
-29 712
-29 -819
-29 316
-29 -430
-29 800
-29 -828
-29 201
-29 539
-29 886
-29 698
-29 907
-29 -868
-29 -734
-29 -205
-29 876
-29 262
-29 265
-29 857
-29 -536
-29 6
-29 -414
-29 -708
